ID,A,B,NEITHER
development-1,0.32989017427712086,0.4955461062629287,0.17456371945995044
development-2,0.6353941682130212,0.258031277916314,0.10657455387066493
development-3,0.23975313566673825,0.6933453214931812,0.06690154284008051
development-4,0.24330030014421225,0.7141361555170844,0.042563544338703206
development-5,0.4134705166163982,0.5332084731835216,0.05332101020008006
development-6,0.6436581627735702,0.31710240757979014,0.039239429646639554
development-7,0.29136299534318205,0.546097744692626,0.16253925996419197
development-8,0.2865858363993716,0.3675901327753331,0.34582403082529534
development-9,0.46998020918234223,0.4731461522737247,0.056873638543933
development-10,0.5884984481428055,0.2999772435537257,0.11152430830346885
development-11,0.2904550308830784,0.5264347646909218,0.18311020442599993
development-12,0.5647488127054695,0.4034935721942932,0.031757615100236954
development-13,0.27889139001539887,0.5436962560056824,0.1774123539789188
development-14,0.3450607381468123,0.3173452390863497,0.33759402276683803
development-15,0.3270492389052073,0.46817997043866577,0.20477079065612694
development-16,0.3782659868224384,0.3928207854685791,0.22891322770898254
development-17,0.26780546409356587,0.5280105813337909,0.20418395457264343
development-18,0.32150687621998036,0.31002683061494934,0.3684662931650703
development-19,0.2506125160838725,0.5634745073113492,0.18591297660477818
development-20,0.3569782436542793,0.34353890744981636,0.2994828488959042
development-21,0.40154728222932895,0.5125361782722849,0.08591653949838604
development-22,0.3402249454559839,0.35203746157124194,0.30773759297277414
development-23,0.35284110918474443,0.5527310593123481,0.0944278315029075
development-24,0.476990248763839,0.34117377782740826,0.18183597340875268
development-25,0.32014133849449233,0.4301605360099422,0.24969812549556542
development-26,0.16742613937958947,0.7024311843893217,0.1301426762310889
development-27,0.26789039604744036,0.5746797394224997,0.15742986453005975
development-28,0.49128630989260574,0.30815671956418655,0.20055697054320779
development-29,0.1962974572311977,0.6042651526918977,0.19943739007690456
development-30,0.28974116295589986,0.3734964730294836,0.3367623640146166
development-31,0.3102453210487058,0.6367154942222923,0.053039184729001806
development-32,0.2674220077459995,0.48020814980216014,0.25236984245184035
development-33,0.43290978218043974,0.4838606843230524,0.08322953349650787
development-34,0.2555758290500174,0.548584305938195,0.19583986501178766
development-35,0.6500048698228902,0.2856789205030299,0.06431620967407994
development-36,0.2490442848823852,0.7143047959800481,0.03665091913756669
development-37,0.3988521207673245,0.5279007037572707,0.07324717547540478
development-38,0.47828005605103613,0.35641373750949445,0.16530620643946933
development-39,0.7426980411852118,0.23882064647404852,0.018481312340739613
development-40,0.645857654525337,0.3169526431447777,0.03718970232988517
development-41,0.5253837063609558,0.37033839845861244,0.1042778951804318
development-42,0.7938060623528426,0.18749404390965507,0.01869989373750246
development-43,0.4946185596703778,0.4686094479406798,0.03677199238894227
development-44,0.31216391174983465,0.5075728901381295,0.18026319811203584
development-45,0.3763593474887191,0.5358512205238075,0.08778943198747335
development-46,0.5621954035890626,0.3284927805715384,0.10931181583939893
development-47,0.5752126042297231,0.3496860794972045,0.07510131627307237
development-48,0.46381139383206665,0.4435568412487667,0.09263176491916664
development-49,0.36470520144023444,0.36878773575958357,0.26650706280018205
development-50,0.06340915862173278,0.20796694653049685,0.7286238948477703
development-51,0.35501809340586654,0.38422113443524275,0.2607607721588906
development-52,0.36890920076334816,0.4560585913103766,0.17503220792627525
development-53,0.6363078805391169,0.2057455481281714,0.15794657133271164
development-54,0.35844694380658837,0.40453883244982025,0.2370142237435914
development-55,0.30720170529109037,0.6048022509849404,0.08799604372396916
development-56,0.25981293705006725,0.5035672264028386,0.2366198365470942
development-57,0.365903275955797,0.425219010300975,0.20887771374322792
development-58,0.20832707003952924,0.2354677575141587,0.5562051724463121
development-59,0.6777001248596617,0.2743416149520964,0.0479582601882419
development-60,0.6851182008680523,0.2720396079755151,0.04284219115643263
development-61,0.3132469105151707,0.6466738137337189,0.04007927575111045
development-62,0.37102630206612264,0.6267226018997737,0.002251096034103642
development-63,0.3497163060647933,0.42379886797183136,0.22648482596337527
development-64,0.215502471169873,0.292198306278447,0.49229922255167996
development-65,0.29378754940942414,0.36521712515119226,0.34099532543938355
development-66,0.22908924745112644,0.35792941297085484,0.4129813395780187
development-67,0.34815675277383673,0.5992940732602897,0.05254917396587356
development-68,0.6517465292223124,0.2826991580477172,0.06555431272997037
development-69,0.2641892641137146,0.5794799224342868,0.1563308134519986
development-70,0.43300793497581813,0.4367058880224221,0.1302861770017597
development-71,0.23956001759987924,0.40453743334993103,0.35590254905018964
development-72,0.61163373614689,0.24726050571382105,0.14110575813928888
development-73,0.32336227192583405,0.427722219988185,0.24891550808598095
development-74,0.47247333016820087,0.2533778442691098,0.2741488255626894
development-75,0.17823629059885995,0.5994616649566922,0.2223020444444479
development-76,0.5996892111996674,0.34429931229483146,0.056011476505501
development-77,0.2863900991317159,0.3683678278540273,0.3452420730142568
development-78,0.351832053235348,0.423678179114664,0.2244897676499881
development-79,0.44924308563670023,0.3233431595233422,0.22741375483995746
development-80,0.4094893934598246,0.4021303118647642,0.18838029467541115
development-81,0.6008932322410723,0.26147878771315086,0.1376279800457769
development-82,0.31740147695712956,0.5311165711418139,0.15148195190105654
development-83,0.6478987090407087,0.29365820878661514,0.05844308217267625
development-84,0.39358336330247756,0.3930625582073093,0.21335407849021318
development-85,0.3754651532350321,0.47958565121563385,0.14494919554933403
development-86,0.476710852247518,0.36731562502321063,0.15597352272927134
development-87,0.38898740658925757,0.43845584688940475,0.17255674652133768
development-88,0.5792304301691509,0.3461030774303049,0.07466649240054425
development-89,0.3846094740864731,0.37274194988290843,0.24264857603061846
development-90,0.36269612205830204,0.35064248549260185,0.2866613924490962
development-91,0.26440145238300267,0.28054552893944834,0.45505301867754905
development-92,0.31005424165796047,0.41898847321388943,0.27095728512815004
development-93,0.2401404051817397,0.49316657508922473,0.26669301972903553
development-94,0.5112029313363967,0.4318852685034369,0.05691180016016642
development-95,0.5299574809222771,0.2897279788406485,0.1803145402370743
development-96,0.27498637712382934,0.6559734295762621,0.06904019329990865
development-97,0.3777042356049505,0.39364217557487174,0.22865358882017767
development-98,0.3617332265134607,0.498080216127257,0.14018655735928226
development-99,0.30683646683747756,0.4831150051677041,0.21004852799481827
development-100,0.3160260216948401,0.447939815014234,0.23603416329092602
development-101,0.50663396959392,0.4173957203173651,0.0759703100887149
development-102,0.1817659393235737,0.5387390574012387,0.2794950032751875
development-103,0.5244635079888065,0.23948977515143186,0.23604671685976164
development-104,0.6163683272124456,0.30260285516365226,0.08102881762390214
development-105,0.18525164786591689,0.7381358417924253,0.07661251034165788
development-106,0.48840361429565265,0.399347448354162,0.11224893735018523
development-107,0.27342871433741733,0.5221006579019908,0.20447062776059202
development-108,0.4299874136069158,0.41366632323962665,0.1563462631534575
development-109,0.6073442751214113,0.32567958916684525,0.06697613571174346
development-110,0.2832319742748198,0.6107663133231699,0.1060017124020103
development-111,0.6781811672836564,0.2913895417831352,0.030429290933208362
development-112,0.5237198330494388,0.16874186593600762,0.3075383010145536
development-113,0.46989996436021575,0.41833236129768064,0.1117676743421036
development-114,0.37980390725271934,0.5063090645893104,0.11388702815797026
development-115,0.3878850903598986,0.4813662696121351,0.13074864002796627
development-116,0.3054189638636018,0.6647012848200728,0.029879751316325403
development-117,0.3240708774371897,0.4585800313299303,0.21734909123287996
development-118,0.700125525502864,0.24902074530602408,0.05085372919111198
development-119,0.7392147759049368,0.22472471165387511,0.03606051244118805
development-120,0.4022480638672735,0.3842362687013462,0.2135156674313803
development-121,0.24465804456325418,0.5642231692567514,0.1911187861799943
development-122,0.30239052556994733,0.43379344143555154,0.2638160329945011
development-123,0.3883407998054838,0.3707855236950688,0.24087367649944735
development-124,0.4807773110885482,0.4490570540673373,0.07016563484411453
development-125,0.4110215059131221,0.23050387399243102,0.3584746200944468
development-126,0.342329059685745,0.4288798236038946,0.22879111671036048
development-127,0.24418544730348132,0.6252017023088364,0.13061285038768214
development-128,0.2619601176581319,0.5492242396332706,0.18881564270859752
development-129,0.12474001396591852,0.8200442693090314,0.05521571672505005
development-130,0.7060781905329634,0.22721343261054217,0.0667083768564946
development-131,0.4563847969544237,0.5129182389153972,0.03069696413017905
development-132,0.5814258917317948,0.3626507290869237,0.05592337918128163
development-133,0.6709188668317982,0.2943732387647176,0.03470789440348414
development-134,0.42940665278398066,0.4591017495395345,0.11149159767648482
development-135,0.36614206175624475,0.5731069113202101,0.06075102692354501
development-136,0.4731860639927572,0.34397108747161464,0.1828428485356281
development-137,0.3064124195657152,0.6333641439001428,0.06022343653414191
development-138,0.306840889663006,0.5106648844014963,0.18249422593549766
development-139,0.42597381358837655,0.4967831091090736,0.07724307730254984
development-140,0.32080187279697786,0.5331504547256702,0.1460476724773519
development-141,0.7605598823837204,0.21366413139233356,0.025775986223946154
development-142,0.5419607920914927,0.43662737486295966,0.021411833045547654
development-143,0.6746118971471705,0.2723823210142178,0.05300578183861187
development-144,0.4835530207384423,0.4696224529617592,0.046824526299798656
development-145,0.50143609388536,0.4304463922775378,0.06811751383710214
development-146,0.2613611804906095,0.4838321528793039,0.2548066666300866
development-147,0.3056551136934402,0.3305478206630859,0.36379706564347386
development-148,0.7458908505601685,0.23643353065467915,0.017675618785152353
development-149,0.5841796364193267,0.29300525631713076,0.12281510726354265
development-150,0.21891033938946314,0.20554188404742987,0.575547776563107
development-151,0.310308712801716,0.47471027451982173,0.2149810126784622
development-152,0.40082839215861304,0.40651743681715957,0.19265417102422736
development-153,0.47483125307877877,0.3610025375817027,0.1641662093395185
development-154,0.24938410431760194,0.41142585802639725,0.3391900376560009
development-155,0.4599416940329797,0.3239542587129738,0.21610404725404653
development-156,0.5899208875462133,0.31576813410962556,0.09431097834416116
development-157,0.358743985946335,0.5072084637357609,0.13404755031790402
development-158,0.6093599204304243,0.347748294502247,0.04289178506732877
development-159,0.604190948886369,0.31779933064679866,0.07800972046683231
development-160,0.31730984717393396,0.5677117900064688,0.11497836281959732
development-161,0.3491186121428215,0.2658276820326296,0.3850537058245489
development-162,0.41481038847000684,0.4377797775585467,0.14740983397144652
development-163,0.4913697715632017,0.3576652873968171,0.1509649410399813
development-164,0.18757015787970224,0.45883577576760587,0.35359406635269186
development-165,0.42571751455086887,0.4230499610582656,0.15123252439086554
development-166,0.33467255306050675,0.5794507135003988,0.08587673343909447
development-167,0.7070729908694946,0.27154784091434103,0.021379168216164316
development-168,0.32906279713777364,0.4408921557157043,0.23004504714652202
development-169,0.4584697296452962,0.31351987343817533,0.22801039691652844
development-170,0.5184112163587685,0.3951209397263298,0.08646784391490173
development-171,0.4538846372128499,0.34713278390954877,0.19898257887760137
development-172,0.1575662686957339,0.6667604399207497,0.17567329138351626
development-173,0.39258869985537626,0.38917965393838827,0.21823164620623545
development-174,0.5985208198440842,0.28142957812528446,0.12004960203063135
development-175,0.5805807506033146,0.30005803809486553,0.11936121130181986
development-176,0.3290581600211251,0.46716180841488286,0.20378003156399202
development-177,0.2239424140650143,0.7528571567394887,0.023200429195496926
development-178,0.5225335743665083,0.36757186524280194,0.10989456039068976
development-179,0.5456345480118171,0.29142865666470186,0.16293679532348107
development-180,0.43346655327096617,0.34713082726154393,0.21940261946748985
development-181,0.40684259720861476,0.34210419007398574,0.2510532127173994
development-182,0.813305360429784,0.1641229981915627,0.022571641378653296
development-183,0.3692731999111836,0.45004724660073697,0.1806795534880794
development-184,0.29675360781309784,0.3520834728138886,0.3511629193730134
development-185,0.4326044420113237,0.5227245724676505,0.04467098552102584
development-186,0.35818069517957407,0.32961157600268093,0.31220772881774495
development-187,0.2594866163150934,0.4365555046030912,0.3039578790818153
development-188,0.4146314169509746,0.5033651433923757,0.08200343965664979
development-189,0.3688654956725803,0.36884584553674715,0.26228865879067254
development-190,0.36878030493776365,0.35235086799552734,0.278868827066709
development-191,0.2615922763597851,0.7131708504123991,0.02523687322781572
development-192,0.28930344097831523,0.6247695677633095,0.08592699125837534
development-193,0.28296528779354985,0.6397580772665515,0.07727663493989866
development-194,0.2909487906089808,0.5339124161461726,0.17513879324484663
development-195,0.4937512372172087,0.4318314920852466,0.0744172706975447
development-196,0.5724742469927468,0.3016139229116095,0.12591183009564377
development-197,0.3138354054349188,0.3941734578348575,0.29199113673022364
development-198,0.6944185561743179,0.24822036939716244,0.05736107442851961
development-199,0.24686043171209518,0.6711841321506326,0.08195543613727235
development-200,0.4364668059907862,0.4981222259277078,0.06541096808150601
development-201,0.3642059252572299,0.30525108323013944,0.3305429915126308
development-202,0.2501491636254194,0.459583852742026,0.29026698363255465
development-203,0.6595332182320915,0.31607076730588374,0.024396014462024634
development-204,0.35032106534944457,0.4449739433510851,0.2047049912994703
development-205,0.2763308494961485,0.4006458688096839,0.32302328169416766
development-206,0.6620372389922309,0.31120798282344786,0.026754778184321294
development-207,0.4046338142816727,0.32857188595462655,0.26679429976370084
development-208,0.35915277514215044,0.5334914393146755,0.1073557855431742
development-209,0.7196763861912578,0.23684440869909618,0.04347920510964586
development-210,0.38720600415697265,0.4544189763470602,0.15837501949596727
development-211,0.2385342185525216,0.5126598019342832,0.2488059795131953
development-212,0.38022802185359283,0.5572604250840968,0.06251155306231022
development-213,0.2152354357637144,0.7438047940243399,0.040959770211945676
development-214,0.5340389711085402,0.25199233167464014,0.21396869721681974
development-215,0.52745888663133,0.40786472102416377,0.06467639234450621
development-216,0.32933255562857067,0.43410079511959443,0.2365666492518349
development-217,0.4575496685313318,0.3491517928091267,0.1932985386595416
development-218,0.2570835514049436,0.40577603416425695,0.33714041443079945
development-219,0.2712634572535819,0.30938249880818086,0.4193540439382373
development-220,0.2843498369661608,0.5403340145196107,0.1753161485142286
development-221,0.3381457640102159,0.3476404926152028,0.31421374337458124
development-222,0.31290815190777294,0.5045566504589577,0.18253519763326934
development-223,0.17229732028881703,0.7382983799017885,0.08940429980939459
development-224,0.31369246459680356,0.5721545505150248,0.11415298488817158
development-225,0.6493770920822257,0.28168717123131,0.06893573668646424
development-226,0.6611057979238372,0.32635323989168424,0.012540962184478671
development-227,0.3560036641959252,0.5734566822086495,0.0705396535954252
development-228,0.17433181932705655,0.7424920417022904,0.08317613897065299
development-229,0.2620969709380891,0.35078786802109857,0.3871151610408123
development-230,0.5804425549564816,0.3309175808334956,0.08863986421002291
development-231,0.3445596717686659,0.2366774850038272,0.4187628432275069
development-232,0.3427490205647741,0.552837482832006,0.10441349660322012
development-233,0.34270057574634977,0.39225148460573284,0.2650479396479174
development-234,0.4057661760028354,0.4977577999864997,0.09647602401066495
development-235,0.4762154024878596,0.37813270948129735,0.14565188803084303
development-236,0.7080277972252318,0.22860587577659994,0.06336632699816824
development-237,0.6011810391401475,0.29676336007020576,0.10205560078964658
development-238,0.3711634561899527,0.485331565481706,0.14350497832834136
development-239,0.46019066325452224,0.27265362871212606,0.2671557080333518
development-240,0.5049463743184435,0.42146268735041253,0.07359093833114401
development-241,0.33691541115993584,0.30834989330073603,0.3547346955393281
development-242,0.6703328936998787,0.19404139831282588,0.13562570798729548
development-243,0.23367723352489703,0.7348182706481087,0.031504495826994175
development-244,0.45557050877801913,0.3403376467358948,0.20409184448608608
development-245,0.3972416933756654,0.403308337409057,0.19944996921527758
development-246,0.35146860332340285,0.38350578658499446,0.26502561009160275
development-247,0.6310124929163662,0.2779899576219955,0.09099754946163843
development-248,0.3927134129611623,0.4598755388895302,0.1474110481493075
development-249,0.6515020635915004,0.17505227044080965,0.17344566596769
development-250,0.3306411593859887,0.4640205168172915,0.20533832379671985
development-251,0.41080214064195497,0.36728650114964256,0.2219113582084025
development-252,0.42167955063211043,0.2185414785117937,0.3597789708560959
development-253,0.5313446577775432,0.40874481855865563,0.05991052366380098
development-254,0.18686208887148686,0.6588546901702111,0.1542832209583019
development-255,0.5961105273681934,0.2993180117546249,0.10457146087718173
development-256,0.474847082625717,0.38894980448276606,0.13620311289151701
development-257,0.281018969229001,0.6125274942960737,0.10645353647492538
development-258,0.09094360653178428,0.8049879243084688,0.10406846915974703
development-259,0.47309633428249387,0.24756804060021084,0.27933562511729526
development-260,0.3317527506314231,0.47608512114895934,0.19216212821961767
development-261,0.29185335709476473,0.5956711315410563,0.11247551136417899
development-262,0.49378586121205453,0.2667394114982266,0.2394747272897188
development-263,0.2904319897673419,0.4439969623504279,0.2655710478822301
development-264,0.28399865870150753,0.42297605951063383,0.29302528178785864
development-265,0.3837973614663243,0.44067081635405025,0.17553182217962532
development-266,0.7992092801084821,0.15089509651868258,0.049895623372835284
development-267,0.45228926510906986,0.277368563433419,0.27034217145751116
development-268,0.3579760710322166,0.3439616073984719,0.2980623215693114
development-269,0.7139179201430604,0.22671848963297933,0.059363590223960344
development-270,0.4986178026547838,0.4160789560191627,0.08530324132605355
development-271,0.23552385072002163,0.5212319048515082,0.2432442444284702
development-272,0.3531958786736456,0.6221321470649862,0.024671974261368197
development-273,0.1381295136144641,0.7184525578392036,0.14341792854633245
development-274,0.6131908091605212,0.3744451383337018,0.012364052505777214
development-275,0.37612913995010633,0.49795861392735874,0.12591224612253496
development-276,0.3001436211227611,0.6317842751990066,0.06807210367823231
development-277,0.26720670047456707,0.6048622839078274,0.12793101561760556
development-278,0.5132004923600106,0.32262621676619996,0.16417329087378935
development-279,0.30388723138344753,0.5583895264438429,0.13772324217270962
development-280,0.4776650331115891,0.4819505988401439,0.0403843680482669
development-281,0.5236869219800441,0.41372802261972436,0.0625850554002315
development-282,0.493259740809404,0.3822295547704366,0.12451070442015948
development-283,0.24795866762378352,0.47554199129573643,0.2764993410804802
development-284,0.42116825440890754,0.22967476110517163,0.34915698448592086
development-285,0.5761062265890783,0.39620006151981296,0.02769371189110862
development-286,0.23444803888638094,0.4691421566758095,0.2964098044378097
development-287,0.5876458824441034,0.29175058292026307,0.12060353463563342
development-288,0.27758479860400664,0.28210239739235843,0.44031280400363493
development-289,0.6706598446097346,0.27567395975948555,0.05366619563077986
development-290,0.05903962223742714,0.5870644624449507,0.35389591531762216
development-291,0.580308930317044,0.38836613109843793,0.03132493858451813
development-292,0.598070235655258,0.31645777559160226,0.08547198875313974
development-293,0.41151363790606243,0.44763966335270755,0.14084669874122996
development-294,0.6699974028465003,0.2658712456685324,0.06413135148496729
development-295,0.5411869957475457,0.2954774383429358,0.16333556590951845
development-296,0.42702490495952455,0.550504772412907,0.02247032262756844
development-297,0.7097398210671915,0.2636808760302671,0.02657930290254151
development-298,0.4065258689130907,0.4115299180051776,0.18194421308173167
development-299,0.7389597081860986,0.24242436864692624,0.018615923166974996
development-300,0.387583423298643,0.4362345386210255,0.17618203808033153
development-301,0.18038089870459975,0.47634357500981006,0.34327552628559016
development-302,0.6000998305192065,0.3373400082774722,0.0625601612033214
development-303,0.3062854244919615,0.29802943260790643,0.39568514290013196
development-304,0.5101993623150357,0.26313394339393975,0.22666669429102443
development-305,0.5861710833582935,0.3722869344215641,0.041541982220142326
development-306,0.4242350522072867,0.5155186625878361,0.06024628520487714
development-307,0.2644700875062351,0.6341723570868049,0.1013575554069601
development-308,0.23282576667281388,0.24605494264835925,0.5211192906788269
development-309,0.2432735719877274,0.25076838005859486,0.5059580479536777
development-310,0.28971085718533274,0.5206157287404266,0.1896734140742407
development-311,0.2650953148295828,0.49655674609877654,0.23834793907164062
development-312,0.34831796235758794,0.4800548588524923,0.17162717878991962
development-313,0.37045561999590515,0.5130322170729752,0.11651216293111968
development-314,0.7332030157240842,0.24137681847362194,0.02542016580229385
development-315,0.4295212519363466,0.378412863175598,0.1920658848880553
development-316,0.27784527409376825,0.3734123909129831,0.3487423349932485
development-317,0.28639460477633677,0.3222161196622469,0.3913892755614164
development-318,0.7409970044196684,0.2408574411097384,0.01814555447059317
development-319,0.4561986201871449,0.3500633920380089,0.19373798777484624
development-320,0.17687301975131398,0.4315376584636353,0.39158932178505074
development-321,0.6835374106920972,0.27671289929594356,0.03974969001195932
development-322,0.467026599845502,0.35733069170334164,0.17564270845115634
development-323,0.7314392321560058,0.21514799606172622,0.05341277178226795
development-324,0.3991420927668816,0.4432648509376182,0.15759305629550022
development-325,0.25604056992890717,0.7137598978692207,0.03019953220187219
development-326,0.210558919823747,0.7435868438502639,0.04585423632598919
development-327,0.7152375592664955,0.22763975067845016,0.057122690055054375
development-328,0.27641561156689715,0.597807678028591,0.1257767104045119
development-329,0.2569372536801804,0.684779719026816,0.058283027293003546
development-330,0.6004953355615451,0.37034771709006165,0.029156947348393223
development-331,0.4472707536324526,0.4847259601273952,0.06800328624015217
development-332,0.36399030329098747,0.37288185195058426,0.2631278447584283
development-333,0.7476353109131846,0.2187826023279144,0.03358208675890095
development-334,0.5983399451139338,0.3273622060246249,0.07429784886144122
development-335,0.4111505944427561,0.4548099216583549,0.13403948389888895
development-336,0.4893932763733028,0.4786790669366422,0.03192765669005482
development-337,0.4263218798230561,0.36696945657962066,0.2067086635973232
development-338,0.5167820784201772,0.43757330388163324,0.04564461769818953
development-339,0.6446066460115365,0.2506276030804282,0.1047657509080353
development-340,0.377234709865141,0.3378615178509206,0.2849037722839384
development-341,0.3847311345513189,0.4671446088112334,0.1481242566374477
development-342,0.22006869412533483,0.5467034194194835,0.23322788645518164
development-343,0.6757428194432517,0.2805495577776976,0.04370762277905067
development-344,0.1608732971538857,0.769271384500867,0.06985531834524733
development-345,0.3906885774217684,0.37955319309358515,0.2297582294846465
development-346,0.3603443554859656,0.504736893196176,0.1349187513178584
development-347,0.4177085545257037,0.3941924865362559,0.18809895893804043
development-348,0.3989446217620384,0.4598811605795354,0.14117421765842633
development-349,0.3215707588175278,0.4803356718126466,0.19809356936982564
development-350,0.33676704843223776,0.47125659315452434,0.19197635841323787
development-351,0.5330789158128517,0.4090227098621237,0.05789837432502453
development-352,0.7269357457735145,0.2373233139063604,0.0357409403201251
development-353,0.2759194201462554,0.41504476241456056,0.30903581743918396
development-354,0.44467928542789115,0.49088252155912016,0.06443819301298867
development-355,0.30636779722732116,0.4585504750269092,0.23508172774576963
development-356,0.43408741078085794,0.3062769162544389,0.25963567296470313
development-357,0.6435048932597803,0.3181183646157988,0.03837674212442104
development-358,0.5354636333661461,0.3687923887732472,0.09574397786060677
development-359,0.13122517254151503,0.8293611381051272,0.0394136893533578
development-360,0.7077069334173313,0.17493064872180264,0.11736241786086607
development-361,0.1498278759887005,0.639153119471918,0.21101900453938158
development-362,0.30186016389875264,0.5942381241519614,0.10390171194928595
development-363,0.2845174400867564,0.35156903679504065,0.36391352311820285
development-364,0.7205316335467351,0.24547115562621527,0.03399721082704968
development-365,0.7024162928194572,0.2002462207004733,0.09733748648006953
development-366,0.38792251487146195,0.5385636278860063,0.07351385724253175
development-367,0.09243379434299537,0.46226883326450485,0.4452973723924998
development-368,0.6885442216927385,0.29578324041358245,0.015672537893679193
development-369,0.5150548611384322,0.2922250188719887,0.1927201199895791
development-370,0.27599175785062635,0.5024024960580022,0.22160574609137135
development-371,0.18936578087817593,0.47215967845889223,0.33847454066293187
development-372,0.44449130690652155,0.3948224451548271,0.16068624793865138
development-373,0.4857939744981088,0.46717702673669737,0.04702899876519391
development-374,0.23463757953698652,0.5069522145040531,0.25841020595896036
development-375,0.37415793543644843,0.44231718068865444,0.18352488387489718
development-376,0.5208796488429516,0.3475001023192457,0.13162024883780285
development-377,0.7906428100596754,0.18530847038624867,0.024048719554075906
development-378,0.354916607907039,0.542276945628349,0.10280644646461186
development-379,0.6123136995769048,0.26990337832019634,0.11778292210289876
development-380,0.616729539798572,0.36382857157419896,0.019441888627228874
development-381,0.21297347893034838,0.4492652741481888,0.33776124692146287
development-382,0.6136152576225273,0.33734063882234006,0.049044103555132605
development-383,0.4949278253642547,0.39937592720479226,0.10569624743095295
development-384,0.573068653889984,0.34404391249521277,0.08288743361480334
development-385,0.23842679832959873,0.6847071313090928,0.07686607036130842
development-386,0.16032299627573798,0.10080129974442698,0.738875703979835
development-387,0.6244888706075445,0.30810859844690475,0.06740253094555067
development-388,0.5839488255000393,0.35130484108735555,0.06474633341260518
development-389,0.6448913770242324,0.3226162699126981,0.03249235306306953
development-390,0.5560454157131353,0.3426506717892579,0.10130391249760679
development-391,0.5814504625408351,0.23307603279701708,0.1854735046621479
development-392,0.3480440652984138,0.3897414208342438,0.26221451386734235
development-393,0.461635628441886,0.3583117337428687,0.18005263781524544
development-394,0.19689197213283133,0.6267398514712739,0.17636817639589475
development-395,0.3158955644352721,0.45050331830413537,0.23360111726059246
development-396,0.4799214990942139,0.2764502869278672,0.24362821397791884
development-397,0.32710401728216515,0.4344082954996508,0.238487687218184
development-398,0.33901735731220267,0.4770495666357494,0.1839330760520479
development-399,0.7895132792241681,0.17047010773290155,0.04001661304293039
development-400,0.42766246562058724,0.37500951713643893,0.1973280172429738
development-401,0.24439439054788167,0.5762391793431633,0.17936643010895498
development-402,0.13793740137045257,0.5980319868624437,0.2640306117671037
development-403,0.2947206544124745,0.6557846996615394,0.049494645925985986
development-404,0.3155096820128683,0.5750779254644656,0.10941239252266607
development-405,0.3220201806876784,0.3481643277354786,0.32981549157684303
development-406,0.2782937073676323,0.49672406380551876,0.22498222882684907
development-407,0.5006012403450731,0.39162559913082945,0.1077731605240974
development-408,0.3658368970179123,0.42785454456857125,0.20630855841351653
development-409,0.319069247551291,0.49038326848343317,0.1905474839652758
development-410,0.07631513210986343,0.590933601886263,0.3327512660038736
development-411,0.6445543485112466,0.28758723752315263,0.0678584139656008
development-412,0.6607268192204405,0.3159388811989654,0.023334299580594114
development-413,0.5187536302062461,0.32378287119662774,0.15746349859712616
development-414,0.42314248878771554,0.33206768921413987,0.24478982199814453
development-415,0.2754481955053313,0.6689535742266931,0.05559823026797564
development-416,0.3330123238951263,0.3575792606271829,0.3094084154776909
development-417,0.3074544342764923,0.46343215426007095,0.22911341146343667
development-418,0.4603294783251308,0.5048262192112704,0.03484430246359875
development-419,0.7195061034320266,0.24037742350520977,0.040116473062763655
development-420,0.7854521022402086,0.18173138742049147,0.0328165103393
development-421,0.2678095397366357,0.6135194584471602,0.1186710018162043
development-422,0.7971679058394432,0.1778044611685243,0.025027632992032506
development-423,0.6447867801224406,0.241259854767066,0.11395336511049335
development-424,0.5807802958436649,0.336049717891551,0.08316998626478415
development-425,0.7023609244789696,0.2708568127922459,0.02678226272878457
development-426,0.3600381245689795,0.39326284902102093,0.24669902640999952
development-427,0.41509059471153265,0.4481467560828617,0.13676264920560569
development-428,0.7185315620584916,0.23179621306952602,0.04967222487198244
development-429,0.21300659629332047,0.5747931577253568,0.21220024598132275
development-430,0.1713462721407686,0.5007249693069943,0.32792875855223713
development-431,0.38967163667635657,0.38155366602909807,0.22877469729454547
development-432,0.3586250274486571,0.3774989554420334,0.2638760171093096
development-433,0.6614160211892353,0.20661663230317082,0.13196734650759392
development-434,0.43860654739084887,0.3234941064415025,0.23789934616764857
development-435,0.3803253125492212,0.26265853535894657,0.35701615209183224
development-436,0.3728105870379693,0.5353319995495072,0.09185741341252347
development-437,0.7635264834121702,0.21732606670691987,0.01914744988091003
development-438,0.25868096814931724,0.5956700184481803,0.14564901340250241
development-439,0.3069720644056212,0.6487776598941238,0.044250275700254964
development-440,0.36976504227912554,0.5193019070355384,0.11093305068533615
development-441,0.4440326714327426,0.37205228009683167,0.18391504847042578
development-442,0.5465438258746156,0.3306473920529575,0.12280878207242686
development-443,0.15966859260827393,0.2741618764556676,0.5661695309360585
development-444,0.33378123956805916,0.613124346814167,0.05309441361777363
development-445,0.2618741679042032,0.694947119195261,0.043178712900535876
development-446,0.21476813524273153,0.5624645367058131,0.22276732805145535
development-447,0.7936368280186572,0.14298327385960957,0.06337989812173331
development-448,0.44752267277742663,0.4343579677963144,0.11811935942625892
development-449,0.743968217684775,0.1841887084181143,0.07184307389711077
development-450,0.5836659835608257,0.3372924200114536,0.07904159642772077
development-451,0.2001663464964022,0.6271076075103129,0.17272604599328495
development-452,0.4911587453407537,0.3554421150292503,0.15339913962999613
development-453,0.3273589029585812,0.4611184829767538,0.21152261406466497
development-454,0.3292137915468938,0.40719992271989625,0.26358628573320997
development-455,0.6303248258939166,0.3464090844245068,0.023266089681576695
development-456,0.6207954181596225,0.2584340848990384,0.12077049694133915
development-457,0.32150445926034754,0.5802814910363217,0.09821404970333077
development-458,0.28851130647608936,0.5629000247338161,0.14858866879009452
development-459,0.32035663296928,0.3402880196661577,0.3393553473645623
development-460,0.42087922576155395,0.27520512712046574,0.3039156471179802
development-461,0.23996580808311688,0.6905547926289255,0.06947939928795764
development-462,0.23198199552367998,0.3056983178762362,0.46231968660008377
development-463,0.38316203164635737,0.5819706713998737,0.034867296953769125
development-464,0.4997208877985487,0.3303915809871363,0.16988753121431496
development-465,0.35262091977230803,0.5027587077185606,0.14462037250913148
development-466,0.4200373860680739,0.44651394675257944,0.13344866717934664
development-467,0.29498238664176607,0.43379675964301523,0.27122085371521865
development-468,0.310873326776041,0.36209667023394515,0.3270300029900138
development-469,0.4913166197811467,0.33516609341965814,0.1735172867991951
development-470,0.2969413402133725,0.6566457737275465,0.04641288605908098
development-471,0.485837104936556,0.3546492788832642,0.15951361618017984
development-472,0.7571964299023023,0.21430904397213324,0.02849452612556452
development-473,0.4088493243553223,0.26317946739307346,0.32797120825160414
development-474,0.5107551100649834,0.3176316238566091,0.17161326607840754
development-475,0.36805055586957275,0.496201368893445,0.13574807523698218
development-476,0.4759375723805825,0.3154904740558688,0.20857195356354863
development-477,0.2529812807598294,0.2622294200150289,0.48478929922514175
development-478,0.337331697057782,0.5294967907359143,0.1331715122063037
development-479,0.4502998379215708,0.44618855766165816,0.10351160441677103
development-480,0.36326697222711796,0.5444349576971509,0.09229807007573111
development-481,0.30270974840999354,0.5450635066055013,0.15222674498450503
development-482,0.7772443807191781,0.1742994195729939,0.048456199707828045
development-483,0.7789305019785895,0.17794896994953782,0.04312052807187287
development-484,0.4463080819275822,0.33463638326672557,0.21905553480569231
development-485,0.3030950041635133,0.35918650005235764,0.33771849578412905
development-486,0.40374005641127403,0.4834448629691388,0.1128150806195871
development-487,0.348878357035823,0.48465501148926443,0.16646663147491259
development-488,0.44574642696948613,0.4062954652330676,0.14795810779744636
development-489,0.5406904733817912,0.33796861320111277,0.1213409134170961
development-490,0.4183089269787755,0.24274078481232553,0.3389502882088991
development-491,0.6341299735603596,0.2833993592792668,0.08247066716037356
development-492,0.22008963116467217,0.6128561755023639,0.16705419333296384
development-493,0.30845053076289886,0.4310103045421074,0.26053916469499366
development-494,0.3840124620419535,0.5383985207694079,0.07758901718863852
development-495,0.33326841394461565,0.5625882672472535,0.10414331880813078
development-496,0.27474218136595824,0.4686791482035851,0.2565786704304566
development-497,0.5795672510113471,0.38113573481354535,0.039297014175107677
development-498,0.40720052279288543,0.5094581378822925,0.08334133932482203
development-499,0.4196562819680915,0.40003221159477964,0.1803115064371288
development-500,0.2077412488747228,0.5804608141128176,0.21179793701245966
development-501,0.4248781227664947,0.4898202335056539,0.08530164372785126
development-502,0.5746575313438538,0.3028315359283147,0.12251093272783155
development-503,0.7665746468185559,0.20541864835364293,0.028006704827801085
development-504,0.37139996204571873,0.5805246930156988,0.048075344938582426
development-505,0.39312929005878117,0.42106301652074923,0.18580769342046957
development-506,0.6575541805999932,0.2658972245510195,0.07654859484898738
development-507,0.30781174521947435,0.4412050769769593,0.25098317780356627
development-508,0.3063745214471357,0.5998097241235011,0.09381575442936316
development-509,0.3174962602112987,0.6135281846913768,0.06897555509732452
development-510,0.35527853326647185,0.5108994933128495,0.1338219734206787
development-511,0.32086648787502803,0.2680825654413753,0.41105094668359665
development-512,0.28953848986021913,0.5978466060150953,0.1126149041246855
development-513,0.4506093856564262,0.418919951207666,0.13047066313590777
development-514,0.22633460956738002,0.33596860187397987,0.43769678855864014
development-515,0.35086143203162395,0.35625896303836596,0.29287960493001025
development-516,0.3875227828143329,0.5500222854313189,0.062454931754348235
development-517,0.33818801602901816,0.6305541201898864,0.03125786378109541
development-518,0.18166339851233898,0.614164446059758,0.20417215542790298
development-519,0.16514175762288286,0.7803366061649836,0.05452163621213353
development-520,0.30751713610211884,0.44293755405821345,0.24954530983966772
development-521,0.6510774876629704,0.23303075704153398,0.11589175529549565
development-522,0.4685075088071803,0.40796531898105365,0.12352717221176614
development-523,0.5096950568256213,0.3658723920872359,0.12443255108714295
development-524,0.4988923029281641,0.29000884698529744,0.21109885008653848
development-525,0.3366634667092509,0.3586366534226098,0.30469987986813934
development-526,0.3118286587049567,0.3821765779225206,0.30599476337252274
development-527,0.38062412035504967,0.537376205006344,0.08199967463860632
development-528,0.3453678506429541,0.3844331536393323,0.27019899571771355
development-529,0.45259022094970214,0.37703824739445996,0.17037153165583785
development-530,0.34755654391555113,0.38198810767754804,0.2704553484069008
development-531,0.29109379651596706,0.6333560066112701,0.07555019687276265
development-532,0.5154765483917446,0.304389179099588,0.18013427250866737
development-533,0.2809891747110246,0.6033054881762827,0.11570533711269275
development-534,0.3016841396599051,0.5927963856987548,0.1055194746413401
development-535,0.31795956601469233,0.47446778516233146,0.20757264882297619
development-536,0.385517427986965,0.5785581086436471,0.035924463369387885
development-537,0.40322396039002334,0.4480459330885839,0.14873010652139274
development-538,0.5213113001158104,0.44190697718902605,0.03678172269516351
