ID,A,B,NEITHER
test-1,0.0034306183665198295,0.9677472504053621,0.02882213122811793
test-2,0.960135899624494,0.022345393432711597,0.017518706942794404
test-3,0.977425823452048,0.0012589627731136766,0.021315213774838308
test-4,0.010484992200540178,0.9516935938023098,0.037821413997150076
test-5,0.9739794956463782,0.0025532019677115456,0.023467302385910254
test-6,0.7110014929422039,0.2865041087707258,0.0024943982870701126
test-7,0.9143774194787284,0.07521060133656156,0.010411979184709963
test-8,0.11625730697875912,0.7806903991219106,0.10305229389933025
test-9,0.9368918098281314,0.0002588919889803728,0.06284929818288842
test-10,0.0012353632336663638,0.9498599547795122,0.04890468198682142
test-11,0.0036597224460410086,0.93496858032926,0.061371697224698936
test-12,0.03591870144549015,0.22161061182344347,0.7424706867310663
test-13,0.015791184496049167,0.9239777221968567,0.06023109330709423
test-14,0.001054091509474388,0.9361606403316194,0.0627852681589062
test-15,0.9164306212197294,0.05390687135995496,0.02966250742031561
test-16,0.9314802991399436,0.05666888756883957,0.011850813291216799
test-17,0.9630450914216249,0.0004586826723175736,0.03649622590605756
test-18,0.0008247374773989035,0.6580228435345786,0.34115241898802245
test-19,0.7895634853970668,0.20689520794394886,0.0035413066589844483
test-20,0.8868987684394148,0.04007748194659902,0.073023749613986
test-21,0.008648681610945374,0.9528095814092314,0.038541736979823264
test-22,0.6462743395566111,0.3458187411446723,0.007906919298716565
test-23,0.769668719197226,0.218740641531975,0.01159063927079893
test-24,0.9505648027665217,0.006715220099088763,0.042719977134389436
test-25,0.6239066685302872,0.36932928728143616,0.006764044188276565
test-26,0.0033153593390038987,0.9639048198922325,0.03277982076876357
test-27,0.9057637313858362,0.07280050568135239,0.021435762932811415
test-28,0.07315332873865842,0.7576312605494949,0.1692154107118465
test-29,0.020427143547299322,0.9109428307780788,0.068630025674622
test-30,0.5669134759624658,0.42256324322029437,0.01052328081723978
test-31,0.02662379079786559,0.8756956993074579,0.0976805098946765
test-32,0.056879328371275864,0.7579917878069548,0.1851288838217694
test-33,0.5952882957166179,0.4011403974836928,0.003571306799689347
test-34,0.486753865307743,0.49312747890113107,0.02011865579112595
test-35,0.4160794211160774,0.5560255136633405,0.027895065220581945
test-36,0.28399333069499505,0.6988241976532262,0.017182471651778632
test-37,0.006443501098717467,0.9229955650815745,0.07056093381970806
test-38,0.013358085677036875,0.9153110675527496,0.07133084677021348
test-39,0.009181245137225983,0.9275954472171188,0.06322330764565522
test-40,0.8929332642203972,0.00029570589787984486,0.10677102988172303
test-41,0.01701669526797769,0.9448130298583186,0.03817027487370371
test-42,0.18081248523731958,0.04386021675432239,0.775327298008358
test-43,0.9578207911343137,0.033387922875747024,0.008791285989939309
test-44,0.12115314403146853,0.844625364850711,0.03422149111782038
test-45,0.03791665287346275,0.8779146674629548,0.08416867966358249
test-46,0.7162333058836068,0.27888681927639547,0.004879874839997647
test-47,0.04218991924481338,0.9157769339281815,0.04203314682700513
test-48,0.8146317512031482,0.000373395183241272,0.18499485361361048
test-49,0.04103382505275763,0.9294703574812837,0.029495817465958588
test-50,0.12925962444713762,0.051586841512333045,0.8191535340405294
test-51,0.0971231462922843,0.4258630775120636,0.4770137761956521
test-52,0.966748595156368,0.002335254694334699,0.03091615014929739
test-53,0.5835771867338149,0.41140488615401954,0.0050179271121655765
test-54,0.001960728612592278,0.9542379438642973,0.04380132752311046
test-55,0.7323237125614508,0.08630563339455805,0.18137065404399116
test-56,0.003772940795678218,0.9617721365670772,0.03445492263724464
test-57,0.19527112918684977,0.7879971934180382,0.016731677395111992
test-58,0.1244135387542704,0.8320437395278129,0.04354272171791676
test-59,0.21976526799907212,0.5383119159352506,0.24192281606567723
test-60,0.8963275449833801,0.09818488965579537,0.00548756536082462
test-61,0.9660694580444469,0.0048012080337705605,0.0291293339217824
test-62,0.866349134305228,0.00047202219995927754,0.1331788434948128
test-63,0.9349078060563663,0.00044056695126158376,0.06465162699237202
test-64,0.320932666497645,0.6381897362063124,0.04087759729604264
test-65,0.9072389855791121,0.0007809322128485095,0.09198008220803935
test-66,0.10684767908722387,0.859413329693024,0.033738991219752205
test-67,0.15209029917148162,0.8047939483194354,0.04311575250908302
test-68,0.012116234059046466,0.9578582117227102,0.030025554218243253
test-69,0.9624116632201961,0.0022810691512477124,0.03530726762855614
test-70,0.005120434752364636,0.8851032910497392,0.10977627419789615
test-71,0.8360083749877973,1.138315407192906e-05,0.16398024185813068
test-72,0.05976344039583965,0.10323251881227279,0.8370040407918876
test-73,0.763031745576758,0.23283325783342118,0.004134996589820794
test-74,0.2937782731212224,0.6590128767731186,0.047208850105659
test-75,0.08962505534131172,0.830162320159884,0.0802126244988043
test-76,0.026629893417614157,0.9317325699920848,0.04163753659030121
test-77,0.3969461753795169,0.48753499498219727,0.11551882963828582
test-78,0.9668101954924765,0.004831202618220613,0.028358601889303073
test-79,0.9737516182850435,0.015426232054845581,0.010822149660110907
test-80,0.006995672052656566,0.9346952714851967,0.05830905646214683
test-81,0.7678674322366459,0.22559157013345676,0.006540997629897162
test-82,0.01765586114245597,0.8785065546219804,0.10383758423556358
test-83,0.08041704609241682,0.25559330719095213,0.6639896467166311
test-84,0.9578023121043858,0.01182584664475254,0.030371841250861578
test-85,0.7404727968361774,0.22352690304044656,0.03600030012337608
test-86,0.9502170173745628,0.0003591998037228474,0.04942378282171437
test-87,0.9630648419029727,0.011265511300599381,0.025669646796427997
test-88,0.9332733280473802,0.0007497485124439999,0.0659769234401757
test-89,0.016181116551573126,0.9534058328307058,0.03041305061772103
test-90,0.9464263015293305,0.011168855453784807,0.04240484301688462
test-91,0.03126884753516265,0.939487856383152,0.029243296081685414
test-92,0.9298015892713458,0.04156755254709909,0.028630858181555197
test-93,0.029356345332740504,0.9183035941475116,0.05234006051974781
test-94,0.9517337116580318,0.004770987304226942,0.043495301037741366
test-95,0.8734862037781179,0.0940059485675454,0.03250784765433667
test-96,0.9147301640256131,0.062179290418558276,0.023090545555828634
test-97,0.4453371737482811,0.0016857062021837772,0.552977120049535
test-98,0.9428704709981075,0.00014149199193483862,0.05698803700995775
test-99,0.00031055500337988015,0.9151144796910947,0.08457496530552541
test-100,0.018647964853693685,0.05837821939398027,0.9229738157523261
test-101,0.0008572832503008224,0.9485406787706507,0.05060203797904854
test-102,0.055905476269009505,0.899801672375786,0.04429285135520455
test-103,0.009554982163948168,0.9528081061293152,0.03763691170673665
test-104,0.8877754888516596,0.00012817150888116329,0.11209633963945928
test-105,0.8703966062067936,0.10956889587637644,0.020034497916829968
test-106,0.17313269287998265,0.7785970857974842,0.04827022132253314
test-107,0.0002884110409471084,0.7265607789286419,0.273150810030411
test-108,0.6723018466067485,0.3255531422621902,0.002145011131061314
test-109,0.395864709778886,0.5207024825571088,0.08343280766400511
test-110,0.002609696395688095,0.9551340745503553,0.04225622905395678
test-111,0.01031331367144659,0.9058956395976588,0.0837910467308945
test-112,0.03956425145201323,0.8630340052294433,0.09740174331854351
test-113,0.8811273732796697,0.11061422175837358,0.008258404961956749
test-114,0.9279751141229433,0.06164096370604584,0.010383922171010819
test-115,0.011526380744187537,0.939837796177351,0.04863582307846145
test-116,0.034864534953430816,0.9139441975746625,0.05119126747190673
test-117,0.06958238932570246,0.30666324603472384,0.6237543646395737
test-118,0.8935789142656668,1.1468567972715805e-05,0.10640961716636055
test-119,0.08088357858365579,0.8487050454676128,0.07041137594873141
test-120,0.9447143877264718,0.037785159007444113,0.017500453266084192
test-121,0.007541312020952722,0.9568457619209393,0.03561292605810804
test-122,0.6896334884023202,0.2953885742819459,0.014977937315733882
test-123,0.058479371577838175,0.18022108760018313,0.7612995408219787
test-124,0.05286703288015159,0.022022340567115536,0.9251106265527329
test-125,0.020588154629876166,0.9339178129164876,0.045494032453636195
test-126,0.9618382598133601,0.0027523125397337193,0.03540942764690612
test-127,0.9082167736239719,0.08368995021873926,0.00809327615728883
test-128,0.026531091896636386,0.9281698470420359,0.045299061061327625
test-129,0.08473192950359647,0.3900266214413264,0.5252414490550772
test-130,0.8416176468501142,0.15103079472857858,0.007351558421307178
test-131,0.01200515728966749,0.936152150942227,0.051842691768105416
test-132,0.020841466641952563,0.9440918836316542,0.035066649726393236
test-133,0.7949767256944507,0.19676942544329049,0.008253848862258892
test-134,0.042158267930989694,0.9258919556088283,0.031949776460182044
test-135,0.0003066357499361458,0.45615252268705786,0.543540841563006
test-136,0.1490662652559986,0.10353322802774209,0.7474005067162593
test-137,0.8900383575225442,0.10431896906786889,0.005642673409586911
test-138,0.035610034759941206,0.9228493808166612,0.04154058442339748
test-139,0.6549146036393324,0.34229367653770904,0.002791719822958488
test-140,0.29956698412814103,0.6718376773195441,0.02859533855231484
test-141,0.004010287918032845,0.9624274874124618,0.03356222466950546
test-142,0.9653515562483914,0.003313175531821767,0.03133526821978672
test-143,0.9672396320282663,0.011580302164411872,0.0211800658073217
test-144,0.03250986056847244,0.893955007046477,0.07353513238505065
test-145,0.3333862253181162,0.623600454175062,0.043013320506821696
test-146,0.0009827831998020949,0.7468521126977277,0.25216510410247023
test-147,0.8478131045919676,0.14112499835982292,0.011061897048209417
test-148,0.9685853771253543,0.0016497676871945206,0.02976485518745104
test-149,0.1077267821253381,0.04161880427115987,0.850654413603502
test-150,0.9815042004651929,0.010415610111956582,0.008080189422850508
test-151,0.9679253504202568,0.004004158058326425,0.028070491521416694
test-152,0.951393141900033,0.004139973285699309,0.0444668848142676
test-153,0.02161147063192692,0.9248645104442518,0.05352401892382135
test-154,0.006047623080254562,0.9667548717054689,0.027197505214276586
test-155,0.017891803813696875,0.019930936098327297,0.9621772600879758
test-156,0.4093832243805927,0.5724927481004276,0.018124027518979794
test-157,0.0053713435270566785,0.9123996685370899,0.0822289879358534
test-158,0.14988194594312235,0.1711216367711848,0.6789964172856929
test-159,0.4930878864503805,3.267636212961539e-05,0.50687943718749
test-160,0.6029619568076448,0.3794329958828507,0.017605047309504577
test-161,0.9470498037470108,0.043973096211402156,0.008977100041587083
test-162,0.9808325891691766,0.005689724766565307,0.013477686064258063
test-163,0.9432592865907997,0.0371358056134396,0.0196049077957607
test-164,0.07395851506578328,0.8885392796931989,0.03750220524101774
test-165,0.9367214259517941,0.051754643062174276,0.011523930986031675
test-166,0.3285526666071096,0.014268553136073437,0.657178780256817
test-167,0.06549434378913865,0.9095085570646075,0.024997099146253664
test-168,0.04662019818427829,0.8979123094395032,0.055467492376218605
test-169,0.6356029624725699,0.36189529312019686,0.002501744407233283
test-170,0.31850456916483916,0.6348550002241508,0.04664043061101006
test-171,0.006416735337459932,0.935652832814435,0.057930431848105035
test-172,0.8833953002967809,0.10529200297204523,0.011312696731173816
test-173,0.9671974760844669,0.004799477230656164,0.02800304668487697
test-174,0.3345870536623533,0.6519243514154197,0.01348859492222701
test-175,0.013300472644497166,0.9352161646234125,0.05148336273209038
test-176,0.9346091281340208,0.052580269547743384,0.012810602318235834
test-177,0.9602332671850375,0.03113989330412801,0.008626839510834448
test-178,0.8829240452780585,0.1078594243012273,0.0092165304207141
test-179,0.4980100340142601,0.4978453181928791,0.00414464779286073
test-180,0.963236639442821,0.022550035255869884,0.014213325301309058
test-181,0.07847491112461662,0.8556368993708182,0.06588818950456515
test-182,0.3165221581430652,0.655474730235243,0.028003111621691782
test-183,0.9407642928213926,0.03892192104803459,0.02031378613057281
test-184,0.9562458851976097,0.005105354371599755,0.03864876043079064
test-185,0.001504488058208444,0.9431185437942542,0.055376968147537335
test-186,0.018217397026128696,0.9524233988639184,0.029359204109952908
test-187,0.004147297190425119,0.4068762008215302,0.5889765019880447
test-188,0.04779376006346231,0.8854309951296572,0.06677524480688053
test-189,0.05619767906321544,0.06488701848733207,0.8789153024494525
test-190,0.2681817633711576,0.7035243608055387,0.02829387582330373
test-191,0.009468637468307643,0.1364552089647499,0.8540761535669424
test-192,0.015939478037456257,0.8838178092706939,0.10024271269184977
test-193,0.06424035520290074,0.010030704653860245,0.9257289401432389
test-194,0.029281336916398625,0.902231384824933,0.06848727825866832
test-195,0.46328317392772594,0.5334343100779553,0.0032825159943188705
test-196,0.07322766186479401,0.9075567925628352,0.019215545572370936
test-197,0.421400058533722,0.06924347400489182,0.5093564674613862
test-198,0.0035594945506323755,0.924559255702875,0.07188124974649257
test-199,0.7629027002257152,0.23083407522077043,0.006263224553514565
test-200,0.9507741864949827,0.03350817117561132,0.015717642329405958
test-201,0.35570834930561107,0.6102107908716072,0.03408085982278157
test-202,0.6289223761648693,0.36785661623756977,0.003221007597560846
test-203,0.9526029324429923,0.036454306749527855,0.0109427608074798
test-204,0.2307637764815335,0.740655767376633,0.02858045614183364
test-205,0.9628532768057837,0.014840247178635248,0.02230647601558099
test-206,0.06363400802463533,0.8768594763436833,0.05950651563168142
test-207,0.9756643691539738,0.009832558825774567,0.014503072020251551
test-208,0.9468081308920254,7.341623411502e-05,0.053118452873859655
test-209,0.9577974906817525,0.0013354673326223412,0.0408670419856252
test-210,0.9061771445372717,0.08539507547334202,0.008427779989386097
test-211,0.20114177130737126,0.7623198208112301,0.036538407881398574
test-212,0.9635392027742233,0.017968260482838214,0.018492536742938555
test-213,0.01479177868069687,0.930440183887386,0.054768037431917195
test-214,0.569742882937706,0.4274707783959722,0.002786338666321689
test-215,0.047476107807246606,0.8945657938316207,0.057958098361132714
test-216,0.9093662866894429,6.998901247665801e-05,0.09056372429808048
test-217,0.000920577122088284,0.9314111698537411,0.06766825302417075
test-218,0.18855708138877403,0.7770692172242666,0.034373701386959395
test-219,0.9220396240487029,0.006469931081819658,0.07149044486947742
test-220,0.8139386674716047,0.17959124228633774,0.0064700902420575255
test-221,0.023553322486307683,0.9086680485123986,0.06777862900129368
test-222,0.9073829197880843,0.02159408903516953,0.07102299117674615
test-223,0.9607539100469511,0.02276152171742799,0.016484568235621007
test-224,0.025781594086161843,0.9392894853445148,0.034928920569323264
test-225,0.9163928376965762,3.529735508107968e-05,0.08357186494834266
test-226,0.6756045144796006,0.3207383916833168,0.003657093837082587
test-227,0.01402827419481126,0.3777271389098872,0.6082445868953016
test-228,0.12378869922254541,0.7978384243468679,0.07837287643058662
test-229,0.24336552194597633,0.7253394251083953,0.031295052945628316
test-230,0.6643475784745094,0.3283767577674862,0.007275663758004431
test-231,0.9703850496738109,0.003329450913203073,0.02628549941298607
test-232,0.022138851305390932,0.9486296806430481,0.029231468051560922
test-233,0.43910727466923943,0.5592595326924051,0.0016331926383553962
test-234,0.02730470074767832,0.9508739317423319,0.021821367509989826
test-235,0.0104873931003676,0.9349109594081838,0.0546016474914486
test-236,0.9085067651729758,1.9804283454655054e-05,0.0914734305435695
test-237,0.9603208097671144,0.022002465905931395,0.017676724326954264
test-238,0.7138709822461777,0.04189916135729628,0.24422985639652608
test-239,0.0853390311487937,0.058821772310624035,0.8558391965405824
test-240,0.008170213218605093,0.8796926969729207,0.11213708980847421
test-241,0.5534341316968123,0.0006469968760845924,0.4459188714271032
test-242,0.0334297927004855,0.9396232804213223,0.02694692687819228
test-243,0.9493131609247775,0.00040533920803545773,0.05028149986718699
test-244,0.9787261586070313,0.008010705095595747,0.013263136297373065
test-245,0.8771257088428681,0.11108251256219336,0.011791778594938497
test-246,0.02027340991585455,0.938196729342443,0.04152986074170241
test-247,0.022993401932608622,0.9354238724534517,0.04158272561393963
test-248,0.7026184595015935,0.2903960585629099,0.006985481935496457
test-249,0.22952771293724655,0.6946337142395924,0.07583857282316103
test-250,0.30552941907281184,0.4479761299981944,0.24649445092899372
test-251,0.9458382857352784,0.03446641248391729,0.019695301780804315
test-252,0.9538811154146104,0.0002867784095398684,0.04583210617584957
test-253,0.978043081041591,0.011215090970982805,0.010741827987426197
test-254,0.3026209299110034,0.6615928854351516,0.03578618465384492
test-255,0.9686923729848269,0.010283502049713157,0.021024124965459967
test-256,0.0013600674195101679,0.9115853110400286,0.08705462154046135
test-257,0.0030759387831021563,0.9012550966424085,0.09566896457448935
test-258,0.960589386266585,0.011887280099417523,0.027523333633997494
test-259,0.9503397145855853,0.030393137172284222,0.019267148242130556
test-260,0.016898333624090905,0.8550196177536626,0.12808204862224645
test-261,0.1644212755936408,0.8073398691266066,0.02823885527975274
test-262,0.24857915625667848,0.11926591646428861,0.6321549272790329
test-263,0.0002310282530596918,0.9118746053515142,0.0878943663954261
test-264,0.07562235343315431,0.8850137111949098,0.03936393537193592
test-265,0.054846513245789326,0.9097179358551516,0.03543555089905908
test-266,0.00960756952978727,0.9371216794446753,0.05327075102553749
test-267,0.9647317327518317,0.020777063610744967,0.014491203637423277
test-268,0.00954191145347841,0.8871748099009543,0.10328327864556734
test-269,0.9552537066650928,0.03416657795379805,0.01057971538110907
test-270,0.5675369442655924,0.4281562109918048,0.00430684474260279
test-271,0.00015813923190144887,0.9076085258575172,0.09223333491058146
test-272,0.3070272571485364,0.012346375314551966,0.6806263675369117
test-273,0.9847119490105403,0.0009578589233683186,0.014330192066091544
test-274,0.5560825153366411,0.44155320258818603,0.0023642820751727626
test-275,0.9551182432694905,0.0055778105936438475,0.03930394613686556
test-276,0.9529389299049716,0.002840005557114315,0.044221064537913995
test-277,0.5730936763742597,0.42337004006687246,0.003536283558867834
test-278,0.9722887966601679,0.010979104800324333,0.016732098539507755
test-279,0.9674118787053124,0.0005800022104157196,0.03200811908427184
test-280,0.0013538298677765767,0.9565459686678215,0.042100201464401896
test-281,0.6384438925819444,0.35754336827493033,0.004012739143125303
test-282,0.4294351502517536,0.005810543587474343,0.564754306160772
test-283,0.0033731670857568463,0.9244546305112599,0.07217220240298321
test-284,0.019494547796641625,0.9254564135997356,0.05504903860362285
test-285,0.006579288465156917,0.9479032334999664,0.0455174780348767
test-286,0.9075903578234686,0.00012898337989655824,0.0922806587966348
test-287,0.9133198660461878,0.07040672077417426,0.016273413179637954
test-288,0.007210900015290869,0.3678138146644539,0.6249752853202553
test-289,0.7294514363194238,0.2642348631297249,0.006313700550851489
test-290,0.9565252206193756,0.0037605623078341335,0.039714217072790374
test-291,0.9722571724512491,0.0003008088914764748,0.027442018657274383
test-292,0.9388635942660492,0.0005066040834202587,0.060629801650530626
test-293,0.8885779989415623,0.10174439169687458,0.009677609361563184
test-294,0.9357051700127026,0.0006106286693883197,0.06368420131790903
test-295,0.5609975749115178,0.4375065173039707,0.0014959077845115008
test-296,0.9640055777760842,0.02478622189369968,0.011208200330216137
test-297,0.847176298817197,0.0005242073206194569,0.15229949386218344
test-298,0.15566559664432725,0.021046732138156256,0.8232876712175164
test-299,0.6333191048547543,0.36132620995285025,0.0053546851923955046
test-300,0.004235426403846513,0.6592714435670952,0.3364931300290584
test-301,0.004719179174706762,0.9561881438979394,0.03909267692735373
test-302,0.0007196000222095256,0.8926576219940265,0.10662277798376389
test-303,0.10674312116854409,0.8599864541570504,0.03327042467440543
test-304,0.6086205331071163,0.38511804089158125,0.006261426001302551
test-305,0.00231902702407416,0.9546043595565054,0.04307661341942056
test-306,0.9695286432590167,0.00559510809734168,0.02487624864364155
test-307,0.9280651635475792,0.056128030065407356,0.015806806387013345
test-308,0.018980172687433804,0.8957294222152962,0.08529040509726991
test-309,0.1708948555459024,0.8058242810975988,0.02328086335649866
test-310,0.018236381715613117,0.013926946139155797,0.9678366721452311
test-311,0.017213791629868788,0.9279154259089545,0.05487078246117668
test-312,0.01281097982231378,0.9063456667773186,0.08084335340036757
test-313,0.9754057077732678,0.015633145215816838,0.008961147010915277
test-314,0.06832829930850597,0.11421760720310292,0.8174540934883912
test-315,0.9725268661715268,0.008335511922239134,0.019137621906234088
test-316,0.2253514362497783,0.7354652829894547,0.0391832807607671
test-317,5.092844607531623e-05,0.9402433129364333,0.059705758617491306
test-318,0.8649419493470261,1.4639989951887658e-05,0.13504341066302206
test-319,0.052122038797469045,0.8999354890355146,0.04794247216701646
test-320,0.009184089902362297,0.9565896540503668,0.034226256047271
test-321,0.0035679533858016697,0.9008285864137419,0.09560346020045653
test-322,0.0018832116288323164,0.9272213538313874,0.07089543453978035
test-323,0.05592808187733938,0.899887467985042,0.04418445013761854
test-324,0.5615279985774773,0.339222622808046,0.09924937861447668
test-325,0.9770827135592068,0.005713187423709818,0.017204099017083266
test-326,0.013628478777651377,0.33602915886299356,0.650342362359355
test-327,0.045710134496601745,0.8531028985290519,0.10118696697434647
test-328,0.5299789836991129,0.39360349877971146,0.0764175175211757
test-329,0.006395611978647992,0.9304434569679738,0.06316093105337814
test-330,0.9131369710428474,0.0011745022579301998,0.08568852669922235
test-331,0.012240892161092665,0.931040842005168,0.05671826583373928
test-332,0.06182698921336596,0.9092317785132554,0.02894123227337873
test-333,0.9647301942710937,0.01644532315671118,0.018824482572195104
test-334,0.9645448841807397,0.0029537123044294923,0.032501403514830794
test-335,0.029866989699468636,0.9255188045486128,0.044614205751918636
test-336,0.00034141593438242476,0.7616084916298524,0.23805009243576514
test-337,0.006582400431148158,0.4564586181838726,0.5369589813849792
test-338,0.12465372573479566,0.3541400081328711,0.5212062661323332
test-339,0.06859224249579858,0.8915446361047099,0.0398631213994915
test-340,0.1552682652735073,0.8079799661201345,0.03675176860635829
test-341,0.019358508957689854,0.9301383428997019,0.050503148142608305
test-342,0.9658102448375593,0.0018374139303370784,0.03235234123210345
test-343,0.06449069273184238,0.287208323172878,0.6483009840952797
test-344,0.5523629521809158,0.437472084562909,0.010164963256175344
test-345,0.8777239502412821,0.07291669702956825,0.049359352729149646
test-346,0.9609471719133464,0.02006423107751744,0.01898859700913612
test-347,0.0018012991295304234,0.8973313917670537,0.10086730910341594
test-348,0.003915252596186434,0.9339785611031307,0.06210618630068282
test-349,0.12296064593336811,0.8527242561245,0.024315097942131877
test-350,0.2824525201373036,0.577954588170013,0.1395928916926832
test-351,0.03256126999011152,0.004375851668602687,0.9630628783412859
test-352,0.011328831221748093,0.8987248970141548,0.089946271764097
test-353,0.005862817806122207,0.877214075312853,0.11692310688102468
test-354,0.8998069749496783,0.00010485827751270973,0.10008816677280895
test-355,0.009065486713369082,0.903660246557838,0.08727426672879286
test-356,0.7861862261888249,0.20720821322117644,0.006605560589998703
test-357,0.9629483553844321,0.012623260337477014,0.02442838427809084
test-358,0.03312177273683949,0.8860520158292847,0.0808262114338758
test-359,0.9676837391411638,0.009008963105095368,0.023307297753740863
test-360,0.7624967528224025,0.23436439092652694,0.0031388562510704368
test-361,0.017124912276317086,0.2708628263867578,0.7120122613369251
test-362,0.379413509501367,0.5568552875470234,0.06373120295160961
test-363,0.9536197510005455,0.00015891484965118387,0.04622133414980335
test-364,0.7326253329660173,0.2635020453973474,0.00387262163663545
test-365,0.002971378488228075,0.9617241414186152,0.03530448009315661
test-366,0.002566065462918453,0.4451093613610746,0.5523245731760069
test-367,0.0073932138827179725,0.9306521061239436,0.06195467999333834
test-368,0.03142080649747475,0.9027391531775498,0.06584004032497547
test-369,0.947677316712243,0.000695985398078639,0.051626697889678316
test-370,0.9630054031595926,0.0007604914682737959,0.03623410537213359
test-371,0.02256262398973725,0.9330095392564263,0.04442783675383654
test-372,0.05848273643314729,0.9015965588826128,0.039920704684239854
test-373,0.8842059680237753,0.1007392858367237,0.015054746139501047
test-374,0.9681055071684929,0.004634636480837536,0.027259856350669603
test-375,0.9090981979879663,0.022517615623079138,0.0683841863889545
test-376,0.9598097077245208,0.0006603464159106754,0.03952994585956859
test-377,0.9307955896436639,0.03339308942470527,0.035811320931630794
test-378,0.010751915273807049,0.03726674311261271,0.9519813416135803
test-379,0.002355831514151795,0.9384805029300639,0.05916366555578433
test-380,0.9199914931799045,0.06732612569666246,0.01268238112343304
test-381,0.9153514356380236,0.004607441555918595,0.08004112280605791
test-382,0.0772485017712006,0.8185876051751476,0.10416389305365181
test-383,0.07207735711847053,0.02442578021445721,0.9034968626670722
test-384,0.06651618234304034,0.5864255940445734,0.3470582236123863
test-385,0.3784479027024497,0.3275988427422027,0.29395325455534765
test-386,0.9629976185190328,0.024109689050369858,0.012892692430597453
test-387,0.9532314026601765,0.02159711690955267,0.025171480430270836
test-388,0.006555795842395418,0.9608215545071133,0.03262264965049142
test-389,0.9449337733256182,0.00033228896730069004,0.05473393770708117
test-390,0.007604190222849116,0.13912591963056917,0.8532698901465816
test-391,0.5976747697465186,0.3991583822955169,0.0031668479579646178
test-392,0.6951967100254115,0.2735985957917905,0.03120469418279796
test-393,0.09016547194214294,0.4251952920258364,0.48463923603202075
test-394,0.933142772419734,0.053731105286427154,0.013126122293838867
test-395,0.9459965243172785,0.024403868615089294,0.02959960706763214
test-396,0.0977938874058601,0.05720939223407969,0.8449967203600602
test-397,0.9094904184254684,0.0022035676783935623,0.08830601389613807
test-398,0.9428668240518121,0.0464646915922322,0.010668484355955809
test-399,0.944769447758034,0.040332375517053654,0.01489817672491233
test-400,0.006179480983084789,0.9343653182366668,0.05945520078024848
test-401,0.6251696007518603,0.3604250799306386,0.014405319317501109
test-402,0.9275232546306197,0.0005142091911984599,0.07196253617818187
test-403,0.9671726876624203,0.0032269545397988174,0.029600357797780915
test-404,0.26337437272093916,0.4164764197043108,0.32014920757475
test-405,0.00803508020704438,0.905223637795326,0.08674128199762969
test-406,0.004322756708908363,0.5982862311668317,0.3973910121242599
test-407,0.00036240407533122296,0.8646396292284971,0.13499796669617153
test-408,0.777807997819027,0.21828114495837136,0.003910857222601728
test-409,0.8703511340113823,0.11817618282011778,0.011472683168499961
test-410,0.9369585319517625,0.04923878526743497,0.013802682780802591
test-411,0.6937574726196488,0.2899773155349147,0.016265211845436427
test-412,0.006283926919046574,0.9489356497019097,0.044780423379043796
test-413,0.3560421996559815,0.5995558427426589,0.04440195760135964
test-414,0.12104079121213462,0.8428419177193045,0.03611729106856086
test-415,0.9653137376746168,0.006731613785050687,0.027954648540332527
test-416,0.9278821984410651,0.00028737497582180467,0.0718304265831131
test-417,0.9223235747136208,0.00032472820239017524,0.07735169708398903
test-418,0.9666932470486511,0.013905574503626533,0.019401178447722427
test-419,0.17594223143501347,0.7779276352422266,0.04613013332275989
test-420,0.8507529110182939,1.2564216642289672e-05,0.14923452476506374
test-421,0.19984645451475036,0.7286373926919312,0.0715161527933185
test-422,0.8874101585003118,2.551989101654255e-05,0.11256432160867173
test-423,0.15910283464747102,0.013039204831768193,0.8278579605207607
test-424,0.0026976008878482035,0.9331967292210611,0.06410566989109064
test-425,0.001873106956223505,0.9010169087047307,0.09710998433904575
test-426,0.023864457185101537,0.917832517720571,0.058303025094327506
test-427,0.0008691823822179219,0.9163816650154926,0.08274915260228945
test-428,0.7974621194376028,0.19760836249135888,0.004929518071038268
test-429,0.02776207323544058,0.07033859637824987,0.9018993303863095
test-430,0.977188832679474,0.00931171355726774,0.013499453763258184
test-431,0.8447857930234121,9.462029179153556e-06,0.1552047449474087
test-432,0.7787646678357969,0.21062118107375236,0.010614151090450748
test-433,0.6479864188191875,0.3393371903019472,0.012676390878865344
test-434,0.002684423158238626,0.9677733962133647,0.02954218062839667
test-435,0.016114982913464727,0.9336723903593196,0.050212626727215666
test-436,0.7226705527778247,0.2689739519034221,0.00835549531875325
test-437,0.03730747117872057,0.9195724926376181,0.04312003618366131
test-438,0.00602089058951271,0.8865116050855917,0.10746750432489555
test-439,0.0015218261497888335,0.7028680322067807,0.29561014164343036
test-440,0.09278821795746185,0.8497967486094886,0.0574150334330495
test-441,0.5758711388333819,0.4215967354620714,0.0025321257045465674
test-442,0.7137346743672958,0.2690361062474173,0.017229219385286966
test-443,0.16145626843862304,0.7750048997851279,0.06353883177624917
test-444,0.004916720587620086,0.9508987717636529,0.044184507648726994
test-445,0.9370258948010527,0.05077740895394663,0.012196696245000619
test-446,0.005262262601794985,0.8562036035143872,0.13853413388381783
test-447,0.2825344120948791,0.41842465299267023,0.2990409349124506
test-448,0.8402633794758567,0.15391811145762177,0.00581850906652146
test-449,0.1422354805500231,0.519622599611976,0.33814191983800085
test-450,0.6313464247476636,0.3574665805658517,0.011186994686484847
test-451,0.9210758312766995,0.001660485687096235,0.07726368303620419
test-452,0.017360744996938862,0.28064491155503407,0.7019943434480271
test-453,0.9177913286715184,0.003394859928606442,0.07881381139987514
test-454,0.953215875168346,0.00381336529207836,0.04297075953957568
test-455,0.07678380964271153,0.8613015079100569,0.0619146824472315
test-456,0.7396385983966676,0.25373177518297574,0.006629626420356725
test-457,0.004413933433783682,0.8606189608398938,0.13496710572632256
test-458,0.64141048884512,0.3525870908224765,0.0060024203324036355
test-459,0.0010911733078874711,0.9297833041707066,0.0691255225214059
test-460,0.07927986546214838,0.8656606913914934,0.05505944314635823
test-461,0.9711129552287872,0.009890711920013341,0.01899633285119949
test-462,0.0334634323069486,0.6723505667698262,0.29418600092322517
test-463,0.931481439822779,0.021656586578091053,0.046861973599129886
test-464,0.4469146925315559,0.005954297127570314,0.5471310103408737
test-465,0.20998665147841822,0.7478690604243556,0.04214428809722608
test-466,0.26505194515874364,0.27209519005940874,0.4628528647818476
test-467,0.06291774601741977,0.9186159914428494,0.01846626253973067
test-468,0.9631971789789792,0.0007965249150132937,0.036006296106007474
test-469,0.9665323576674937,0.0012339205846463868,0.032233721747860086
test-470,0.22793242828750657,0.73978191857874,0.03228565313375348
test-471,0.03579752140351708,0.26506564819193046,0.6991368304045525
test-472,0.2558295835100057,0.6954735559249383,0.0486968605650561
test-473,0.8829153241134845,5.524204645771084e-06,0.11707915168186969
test-474,0.6038095748663671,0.39242188747859214,0.0037685376550406972
test-475,0.9793634933024853,0.00856339193424895,0.012073114763265792
test-476,0.01010394357653001,0.9185320426619414,0.07136401376152858
test-477,0.01453659865582765,0.94393461725197,0.041528784092202384
test-478,0.7007956216128304,0.2801994424598003,0.019004935927369414
test-479,0.003120637509853001,0.8156396563745127,0.1812397061156343
test-480,0.07136805143832656,0.8692175256734113,0.059414422888262076
test-481,0.9722120307472563,0.0020837862117606635,0.02570418304098302
test-482,0.8647741152897028,0.12917768434169905,0.006048200368598194
test-483,0.2910241440333615,0.690363579542677,0.018612276423961557
test-484,0.9395904700895562,0.04431898020731081,0.016090549703132978
test-485,0.0007373585664555948,0.8783701660572752,0.12089247537626904
test-486,0.0014012959200433686,0.8885442429878145,0.11005446109214204
test-487,0.007390346625112935,0.9322246421390434,0.0603850112358436
test-488,0.9516864633648643,0.00301261121128658,0.04530092542384908
test-489,0.9680864925722813,0.007976885108626146,0.023936622319092486
test-490,0.9408469074491207,0.03200007979484156,0.027153012756037737
test-491,0.32521606855308804,0.6334074276391817,0.04137650380773024
test-492,0.5636427015332869,0.43237622285364996,0.003981075613063072
test-493,0.8758374881153961,0.11448120720540869,0.00968130467919534
test-494,0.9677286307157357,0.007211731276867627,0.025059638007396665
test-495,0.015397579676286124,0.9105944667852945,0.07400795353841932
test-496,0.4144812992148318,0.5514364297853487,0.03408227099981965
test-497,0.9649766444248706,0.0043805649602612524,0.03064279061486805
test-498,0.005524384682369177,0.9448477062139926,0.04962790910363837
test-499,0.0864001996502093,0.7779255138548795,0.1356742864949112
test-500,0.06343466699002898,0.8612246703288249,0.07534066268114621
test-501,0.722463930555638,0.00019458301357383419,0.2773414864307881
test-502,0.0001862588222237331,0.9299519552955782,0.06986178588219813
test-503,0.024441977437896206,0.35319115832932574,0.622366864232778
test-504,0.0008483839443177917,0.9522794755610848,0.04687214049459754
test-505,0.8401391513364613,1.4788514761713728e-05,0.159846060148777
test-506,0.012195379937573322,0.8984670962448548,0.0893375238175718
test-507,0.014375515122245193,0.8491078980097087,0.1365165868680462
test-508,0.9625656046969315,0.0037482876713260636,0.0336861076317423
test-509,0.02637059326063592,0.9393085210917171,0.034320885647647
test-510,0.9637954015542219,0.008930589924281113,0.027274008521496945
test-511,0.3544615103203643,0.6271007063071835,0.018437783372452225
test-512,0.010160256889063038,0.8765184328898384,0.11332131022109855
test-513,0.04439270232405395,0.20915638227931654,0.7464509153966296
test-514,0.11149184601451136,0.085347889387032,0.8031602645984567
test-515,0.009839204154448692,0.9413886992751566,0.04877209657039488
test-516,0.9725411510061625,0.004496586178590079,0.02296226281524758
test-517,0.0732522521961635,0.8031647045553479,0.12358304324848851
test-518,0.7247145459320965,0.2698474166700717,0.0054380373978317265
test-519,0.7144249090538108,0.2809391094813585,0.004635981464830614
test-520,0.3969689578010455,0.5644683313266197,0.03856271087233481
test-521,0.014281714896206756,0.9453132405432918,0.0404050445605015
test-522,0.006301124356312056,0.12832289064307312,0.8653759850006147
test-523,0.010173285883286106,0.9104594818506652,0.07936723226604873
test-524,0.6650211474070288,0.32559077403285,0.009388078560121207
test-525,0.1891431456438679,0.7525866105000638,0.05827024385606834
test-526,0.961945953313184,0.017660972521824313,0.02039307416499161
test-527,0.730353135707184,0.17127554222193497,0.09837132207088102
test-528,0.9455945038524873,0.032105474435515556,0.022300021711997162
test-529,0.00028940204369992635,0.5438443570409572,0.4558662409153429
test-530,0.9682982407436365,0.0014144426066365428,0.03028731664972707
test-531,0.24167791752476092,0.048191776051690345,0.7101303064235488
test-532,0.3010054380421066,0.662720373177439,0.03627418878045441
test-533,0.9725589427495939,0.005225816421835904,0.022215240828570165
test-534,0.20917261029000542,0.7575864710925365,0.033240918617458044
test-535,0.051382677825469375,0.030275789401076475,0.9183415327734541
test-536,0.9557798530547575,0.0010045656115715753,0.043215581333670844
test-537,0.9272595521236466,0.00010411555908211543,0.07263633231727107
test-538,0.22635863841730355,0.7550853998069159,0.018555961775780574
test-539,0.019103122900538304,0.95404470910806,0.02685216799140165
test-540,0.9186577196695982,0.00912311164730965,0.07221916868309206
test-541,0.03402744677066954,0.822945305257496,0.14302724797183444
test-542,0.11004543564259868,0.839759897750785,0.05019466660661628
test-543,0.0073758133078573864,0.9457801918196719,0.04684399487247082
test-544,0.015221422111280362,0.0802100667760576,0.9045685111126621
test-545,0.9461561147630653,0.0004962976594586988,0.05334758757747601
test-546,0.8965692483278815,0.09394967302241368,0.009481078649704712
test-547,0.05044103406943433,0.15976787946542886,0.7897910864651368
test-548,0.00043706495440856924,0.9437559728823354,0.05580696216325605
test-549,0.9069399120254711,0.07857567442598662,0.01448441354854237
test-550,0.16916838254518637,0.7417020927475833,0.08912952470723035
test-551,0.10686591630067692,0.8396406948350984,0.053493388864224646
test-552,0.024042958279118162,0.8975154945786991,0.07844154714218274
test-553,0.45045158745130487,0.1454005880889343,0.4041478244597608
test-554,0.003248217812897279,0.944988578677278,0.05176320350982477
test-555,0.9728416711615057,0.002463169634881274,0.02469515920361312
test-556,0.031646528589296063,0.9399768054302013,0.028376665980502435
test-557,0.18644677726025824,0.006572431075497897,0.8069807916642439
test-558,0.12742323327416974,0.8417797635366157,0.03079700318921458
test-559,0.006000953226458214,0.9204937072663353,0.0735053395072066
test-560,0.9277808305764239,0.0005201121360878183,0.0716990572874883
test-561,0.977369730849599,0.00454029167978268,0.018089977470618402
test-562,0.7228615487713959,0.27240863862504044,0.0047298126035637995
test-563,0.003550711938516099,0.947042800229136,0.04940648783234787
test-564,0.013869366204591315,0.9351915145585052,0.050939119236903405
test-565,0.2751986414931167,0.7162518475576681,0.008549510949215274
test-566,0.8830038898910251,0.00011318171582680679,0.11688292839314803
test-567,0.08701551666418392,0.8577024824909447,0.05528200084487133
test-568,0.9702475670173821,0.009548520596607926,0.020203912386009968
test-569,0.10801794895136528,0.8718146493867528,0.02016740166188192
test-570,0.016600909904957176,0.9410570180240984,0.0423420720709445
test-571,0.0008552719730746846,0.8598367549130916,0.13930797311383375
test-572,0.5151736588246989,0.0006413772175740796,0.48418496395772703
test-573,0.07610102958670106,0.8853140029574224,0.03858496745587664
test-574,0.6244504074124273,0.3688213012944208,0.00672829129315182
test-575,0.007896777964394412,0.9467382618655988,0.04536496017000664
test-576,0.8786503823417704,0.09582129352919842,0.025528324129031155
test-577,0.9199254237399828,0.03904814854616167,0.04102642771385565
test-578,0.9665736375659241,0.0006068412961630277,0.03281952113791288
test-579,0.0486623447190376,0.919203530691361,0.032134124589601486
test-580,0.9002070629250953,0.0902897972824817,0.009503139792422996
test-581,0.0021057306469495435,0.9670124293534067,0.030881839999643838
test-582,0.9345196033896717,0.0002173621397283956,0.06526303447059996
test-583,0.1539014502573933,0.7226794659885797,0.12341908375402709
